$ANSIBLE_VAULT;1.1;AES256
66383130626432343164376537363662643639656239336530393133666331633934616161666530
3065373865316562383262643161323330396463343938640a643439643431656432346334393833
66633331313162363662666463626236323732346530346633623931656435343338346565373163
6162343237313735360a386333326235636336393030656431316162323265626261623335626665
36313933653930376238346235303337613332353262646566623763303833393837633766366132
61666461353034326638343537353234313065613361636363653635363835346339646661346637
64393830623033616262656138356265353734343133353537373932633735633333313830633063
33663665393937383134613335346631623136316431343432303466633030366335376537343565
38313634363962303237313861633765373939303431363066323864633131316430356664363462
62643266363962373832383863376331386332333465653063323838343535343866656664353464
62313536363637363334666165336439366638343631316166663239323835623366633866383039
32376233343462346433
